17 0.315 0.748 0.23 0.12
17 0.407 0.252 0.078 0.12533333333333332
17 0.147 0.25866666666666666 0.258 0.16533333333333333
17 0.199 0.8933333333333333 0.222 0.11733333333333333
17 0.418 0.8866666666666667 0.08 0.09333333333333334
17 0.114 0.6013333333333334 0.1 0.136
17 0.169 0.6 0.238 0.144
17 0.421 0.5826666666666667 0.07 0.12
17 0.476 0.25333333333333335 0.04 0.16533333333333333
17 0.304 0.43333333333333335 0.248 0.15733333333333333
17 0.238 0.43333333333333335 0.096 0.136
17 0.078 0.25733333333333336 0.108 0.152
17 0.213 0.084 0.118 0.14666666666666667
17 0.485 0.584 0.03 0.13866666666666666
