17 0.877 0.956 0.062 0.07733333333333334
17 0.776 0.39066666666666666 0.148 0.20533333333333334
17 0.104 0.6013333333333334 0.144 0.16266666666666665
17 0.542 0.964 0.056 0.04533333333333334
17 0.199 0.9533333333333334 0.086 0.06666666666666667
17 0.644 0.8213333333333334 0.136 0.13866666666666666
17 0.713 0.9613333333333334 0.066 0.06133333333333333
17 0.752 0.62 0.136 0.184
17 0.115 0.7866666666666666 0.138 0.176
17 0.38 0.9626666666666667 0.064 0.06933333333333333
17 0.086 0.38266666666666665 0.128 0.17333333333333334
17 0.771 0.14266666666666666 0.158 0.19466666666666665
17 0.077 0.144 0.13 0.20266666666666666
17 0.04 0.9426666666666667 0.072 0.07733333333333334
