17 0.22 0.6701030927835051 0.116 0.12886597938144329
17 0.236 0.8298969072164949 0.108 0.12886597938144329
17 0.278 0.28994845360824745 0.088 0.11597938144329897
17 0.792 0.8144329896907216 0.12 0.13402061855670103
17 0.775 0.27963917525773196 0.126 0.13659793814432988
17 0.27 0.03608247422680412 0.092 0.061855670103092786
17 0.791 0.9458762886597938 0.098 0.08762886597938144
17 0.807 0.4652061855670103 0.126 0.17268041237113402
17 0.798 0.6443298969072165 0.124 0.15979381443298968
17 0.272 0.15335051546391754 0.116 0.11597938144329897
17 0.213 0.49226804123711343 0.11 0.14948453608247422
