0 0.667 0.2993492407809111 0.158 0.12581344902386118
0 0.333 0.6106290672451193 0.162 0.1279826464208243
0 0.335 0.29392624728850325 0.154 0.11496746203904555
0 0.5 0.7689804772234273 0.148 0.1193058568329718
0 0.667 0.6106290672451193 0.154 0.1279826464208243
0 0.338 0.44468546637744033 0.148 0.12581344902386118
0 0.503 0.6127982646420824 0.154 0.1279826464208243
0 0.501 0.4511930585683297 0.15 0.12147505422993492
0 0.666 0.447939262472885 0.148 0.1193058568329718
0 0.499 0.2993492407809111 0.15 0.11713665943600868
0 0.333 0.764642082429501 0.158 0.12364425162689804
0 0.666 0.7700650759219089 0.156 0.12147505422993492
