21 0.828 0.424 0.02 0.08
21 0.824 0.17866666666666667 0.044 0.064
21 0.208 0.31066666666666665 0.164 0.104
21 0.206 0.43733333333333335 0.172 0.12266666666666666
21 0.57 0.8466666666666667 0.084 0.09333333333333334
21 0.734 0.5546666666666666 0.056 0.07466666666666667
21 0.748 0.16533333333333333 0.056 0.07466666666666667
21 0.736 0.42933333333333334 0.06 0.07466666666666667
21 0.658 0.43466666666666665 0.056 0.07466666666666667
21 0.65 0.5613333333333334 0.056 0.08266666666666667
21 0.653 0.692 0.074 0.08266666666666667
21 0.568 0.7173333333333334 0.064 0.07466666666666667
21 0.562 0.5746666666666667 0.072 0.09866666666666667
21 0.562 0.436 0.076 0.08266666666666667
21 0.75 0.30133333333333334 0.06 0.08533333333333333
21 0.807 0.6546666666666666 0.058 0.072
21 0.345 0.9106666666666666 0.178 0.14133333333333334
21 0.293 0.7293333333333333 0.182 0.14666666666666667
21 0.739 0.6813333333333333 0.054 0.07733333333333334
21 0.81 0.5386666666666666 0.06 0.08
21 0.815 0.29733333333333334 0.054 0.06666666666666667
21 0.253 0.568 0.174 0.13866666666666666
21 0.127 0.08133333333333333 0.05 0.06666666666666667
21 0.204 0.18533333333333332 0.168 0.12533333333333332
