3 0.43 0.4764705882352941 0.048 0.052941176470588235
3 0.086 0.4823529411764706 0.076 0.1
3 0.083 0.2411764705882353 0.098 0.14705882352941177
3 0.939 0.75 0.074 0.08235294117647059
3 0.252 0.4823529411764706 0.112 0.13529411764705881
3 0.771 0.22058823529411764 0.082 0.12352941176470589
3 0.258 0.7441176470588236 0.108 0.14705882352941177
3 0.726 0.7441176470588236 0.02 0.03529411764705882
3 0.938 0.2323529411764706 0.068 0.09411764705882353
3 0.427 0.2338235294117647 0.07 0.10882352941176471
3 0.601 0.7676470588235295 0.066 0.08823529411764706
3 0.597 0.4852941176470588 0.098 0.13529411764705881
3 0.597 0.2088235294117647 0.098 0.13529411764705881
3 0.427 0.7441176470588236 0.082 0.11176470588235295
3 0.257 0.22058823529411764 0.062 0.07647058823529412
3 0.08 0.763235294117647 0.096 0.09705882352941177
