25 0.31066666666666665 0.104 0.06133333333333333 0.04
25 0.43866666666666665 0.837 0.18933333333333333 0.122
25 0.44533333333333336 0.143 0.16533333333333333 0.086
25 0.42933333333333334 0.81 0.12266666666666666 0.084
25 0.43066666666666664 0.383 0.12 0.07
25 0.444 0.581 0.14133333333333334 0.098
25 0.316 0.178 0.088 0.036
25 0.444 0.068 0.13066666666666665 0.084
25 0.432 0.194 0.07466666666666667 0.06
25 0.444 0.282 0.09866666666666667 0.048
25 0.464 0.686 0.096 0.072
25 0.8306666666666667 0.751 0.12 0.07
25 0.5626666666666666 0.092 0.144 0.06
25 0.5986666666666667 0.514 0.168 0.096
25 0.42533333333333334 0.463 0.08266666666666667 0.046
25 0.592 0.155 0.144 0.082
25 0.8613333333333333 0.208 0.16 0.072
25 0.084 0.673 0.16266666666666665 0.11
25 0.272 0.456 0.14933333333333335 0.084
25 0.2613333333333333 0.565 0.16533333333333333 0.082
25 0.24933333333333332 0.677 0.2 0.118
25 0.23733333333333334 0.822 0.192 0.1
25 0.17066666666666666 0.076 0.07466666666666667 0.052
25 0.144 0.156 0.11733333333333333 0.056
25 0.07333333333333333 0.549 0.14133333333333334 0.086
25 0.11866666666666667 0.242 0.14666666666666667 0.084
25 0.08666666666666667 0.448 0.15733333333333333 0.088
25 0.072 0.819 0.13333333333333333 0.122
25 0.256 0.794 0.10666666666666667 0.088
25 0.2813333333333333 0.357 0.136 0.066
25 0.2866666666666667 0.26 0.13066666666666665 0.044
25 0.3333333333333333 0.057 0.17066666666666666 0.094
25 0.1 0.337 0.152 0.078
25 0.5733333333333334 0.233 0.10666666666666667 0.05
25 0.7 0.109 0.136 0.082
25 0.6093333333333333 0.421 0.11466666666666667 0.078
25 0.7306666666666667 0.251 0.16 0.086
25 0.9346666666666666 0.533 0.072 0.054
25 0.9506666666666667 0.641 0.07733333333333334 0.07
25 0.7453333333333333 0.345 0.14666666666666667 0.07
25 0.7706666666666667 0.427 0.11733333333333333 0.074
25 0.8226666666666667 0.13 0.152 0.08
25 0.8946666666666667 0.357 0.13066666666666665 0.07
25 0.916 0.451 0.11466666666666667 0.074
25 0.6453333333333333 0.739 0.096 0.074
25 0.7986666666666666 0.626 0.09866666666666667 0.064
25 0.828 0.884 0.12 0.1
25 0.62 0.627 0.12 0.082
25 0.8853333333333333 0.28 0.13866666666666666 0.084
25 0.6186666666666667 0.864 0.12266666666666666 0.072
25 0.5933333333333334 0.317 0.12 0.058
25 0.7226666666666667 0.18 0.112 0.076
